6
8
22
14
6
6
17
19
6
6
13
23
10
5
9
22
14
6
7
20
17
5
6
15
23
9
6
10
22
13
6
8
22
15
6
6
15
22
8
6
12
22
12
5
8
22
14
6
6
18
19
7
6
13
23
10
5
9
22
13
5
6
20
17
5
6
15
23
9
5
11
22
12
5
7
22
15
5
6
15
21
7
7
12
22
12
6
8
22
15
5
6
18
19
6
7
14
23
10
6
10
23
14
6
6
20
17
6
6
15
23
9
6
11
22
13
6
8
22
15
6
6
15
21
7
7
12
23
11
5
8
22
14
6
5
18
19
6
6
13
22
10
5
9
22
13
6
6
20
17
5
6
15
23
9
6
10
22
13
6
7
21
15
6
6
15
21
7
6
12
23
11
6
8
22
14
6
6
18
19
6
6
14
23
10
6
9
23
13
6
6
20
17
5
6
15
22
9
6
10
22
13
6
7
22
15
5
6
15
22
8
6
12
23
11
5
8
22
14
5
6
17
19
6
6
13
22
10
5
9
22
14
5
6
20
18
5
6
15
23
9
5
10
22
13
6
7
21
15
6
6
16
22
8
6
12
23
12
6
8
22
15
5
6
17
20
7
7
13
23
10
6
9
22
14
5
6
19
18
5
7
14
23
9
6
10
22
13
5
7
21
16
5
6
15
23
8
6
11
22
12
6
8
22
15
6
6
16
21
7
6
13
22
11
6
8
22
14
6
6
19
18
5
6
14
22
10
6
10
22
13
5
7
20
17
5
6
15
22
9
5
11
22
12
5
7
22
15
5
6
16
21
8
6
12
22
11
6
8
23
14
6
6
18
20
6
6
13
23
10
6
9
22
14
6
6
19
17
5
6
15
23
10
6
10
23
13
6
7
21
16
5
6
15
23
8
5
11
22
12
6
8
22
15
6
6
16
20
7
6
12
22
11
6
8
23
14
5
6
18
18
6
6
14
22
9
5
9
22
13
6
7
20
17
5
6
15
23
9
6
11
22
13
6
7
22
15
6
6
16
22
8
6
12
22
12
6
8
22
15
6
6
17
20
7
7
13
22
10
6
9
22
14
6
5
18
18
5
6
14
22
9
6
10
22
13
6
6
20
17
5
6
15
23
8
6
11
22
12
5
7
22
15
6
6
16
21
7
6
12
23
11
6
8
23
14
6
6
17
20
7
7
13
22
10
6
9
22
14
6
6
19
18
6
6
14
22
10
6
10
22
13
6
6
20
16
5
6
15
23
8
6
11
22
12
5
7
22
15
5
6
15
21
7
6
12
22
11
6
8
22
14
5
6
17
19
6
6
13
22
10
6
9
23
14
6
6
19
18
6
6
14
23
9
6
10
23
13
6
7
21
16
5
7
15
23
9
6
11
22
12
6
8
22
15
6
6
15
21
8
6
12
22
12
6
8
22
15
5
6
17
20
7
7
13
22
11
5
9
22
14
5
6
19
18
6
6
14
23
9
6
9
22
14
5
6
20
17
5
6
15
23
9
5
10
22
13
6
7
22
15
5
6
15
22
8
6
12
23
12
5
8
23
15
6
6
16
20
7
6
13
23
11
5
9
22
14
6
5
18
19
6
7
